1708561650
1708561650
1708561650
1708561650
1708561650
1708561650
1708561650
1708561650
1708561650
1708561650
1708561650
1708561650
1708561650
1708561650
1708561650
1708561650
1708561650
1708561650
1708561650
1708561650
1708561650
1708561650
1708561650
1708561650
1708561650
1708561651
1708561651
1708561651
1708561651
1708561651
1708561651
1708561651
1708561651
1708561651
1708561651
1708561651
1708561652
1708561818
1708561818
1708561818
1708561820
1708561820
1708561820
1708561820
1708561820
1708561820
1708561820
1708561820
1708561820
1708561820
1708561820
1708561820
1708561820
1708561820
1708561820
1708561820
1708561820
1708561820
1708561820
1708561820
1708561820
1708561820
1708561820
1708561820
1708561820
1708561820
1708561820
1708561820
1708561820
1708561820
1708561940
1708561940
1708561940
1708561940
1708561940
1708561940
1708561940
1708561940
1708561940
1708561940
1708561940
1708561940
1708561941
1708561941
1708561941
1708562020
1708562020
1708562020
1708562020
1708562031
1708562031
1708562031
1708562031
1708562031
1708562031
1708562031
1708562031
1708562031
1708562031
1708562031
1708562031
1708562031
1708562031
1708562031
1708562031
1708562031
1708562031
1708562031
1708562031
1708562031
1708562031
1708562031
1708562031
1708562031
1708562031
1708562031
1708562031
1708562031
1708562031
1708562031
1708562091
1708562091
1708562091
1708562095
1708562095
1708562095
1708562095
1708562095
1708562095
1708562095
1708562095
1708562095
1708562095
1708562095
1708562095
1708562095
1708562095
1708562095
1708562095
1708562095
1708562095
1708562095
1708562095
1708562095
1708562095
1708562095
1708562095
1708562151
1708562151
1708562151
1708562151
1708562151
1708562151
1708562151
1708562151
1708562151
1708562151
1708562151
1708562151
1708562151
1708562151
1708562151
1708562151
1708562151
1708562151
1708562151
1708562151
1708632031
1708632031
1708632031
1708632031
1708632031
1708632031
1708632031
1708632031
1708632031
1708632031
1708632031
1708632031
1708632031
1708632031
1708632031
1708632031
1708632031
1708632031
1708632031
1708632091
1708632091
1708632091
1708632091
1708632091
1708632091
1708632091
1708632091
1708632091
1708632091
1708632091
1708632091
1708632091
1708632091
1708632896
1708632896
1708632896
1708632896
1708632896
1708632896
1708632896
1708633497
1708633497
1708633497
1708633497
1708633497
1708633497
1708633497
1708633497
1708633539
1708633539
1708633539
1708633539
1708633539
1708633539
1708633539
1708634097
1708634097
1708634097
1708634097
1708634097
1708634097
1708634097
1708634097
1708634097
1708634097
1708634144
1708634144
1708634144
1708634144
1708634144
1708634144
1708634144
1708634144
1708634144
1708634144
1708634144
1708634144
1708634144
1708634144
1708634144
1708634144
1708634146
1708634147
1708634147
1708634147
1708634147
1708634147
1708634147
1708634147
1708634147
1708634147
1708634147
1708634147
1708634147
1708634147
1708634147
1708634147
1708634150
1708634150
1708634150
1708634150
1708634150
1708634150
1708634150
1708634150
1708634202
1708634202
1708634202
1708634202
1708634202
1708634202
1708634202
1708634202
1708634202
1708634202
1708634202
1708634202
1708634202
1708634202
1708634202
1708634202
1708634205
1708634205
1708634205
1708634205
1708634205
1708634205
1708634205
1708634205
1708634205
1708634205
1708634205
1708634205
1708634205
1708634205
1708634205
1708634205
1708634208
1708634208
1708634208
1708634208
1708634208
1708634208
1708634208
1708634208
1708634528
1708634528
1708634531
1708634531
1708634531
1708634531
1708634531
1708634531
1708634531
1708634531
1708634531
1708634531
1708634531
1708634531
1708634531
1708634531
1708634531
1708634531
1708634532
1708634532
1708634532
1708634532
1708634532
1708634532
1708634532
1708634532
1708634532
1708634532
1708634532
1708634532
1708634532
1708634532
1708634532
1708634993
1708634993
1708634993
1708634993
1708634993
1708634993
1708634993
1708634993
1708634993
1708634993
1708634993
1708634994
1708634994
1708634996
1708634996
1708634996
1708634996
1708634996
1708634996
1708634996
1708634997
1708634997
1708634997
1708634997
1708634997
1708634997
1708634997
1708634997
1708634997
1708634997
1708634997
